{"cells":[{"metadata":{"trusted":true},"cell_type":"code","source":"import numpy as np\nh_size = [100, 120,120,100,85,90,90,140,70,150]\nh_rooms = [4,5,5,4,3,4,4,6,3,6]\nh_price = [150000, 190000, 195000, 140000, 130000, 155000, 135000, 200000, 120000,225000]\narray_s = np.array(h_size)\narray_r = np.array(h_rooms)\narray_p = np.array(h_price)\nh_all = np.array ([array_s, array_r, array_p])\nprint (h_all,'\\n')","execution_count":1,"outputs":[{"name":"stdout","output_type":"stream","text":"[[   100    120    120    100     85     90     90    140     70    150]\n [     4      5      5      4      3      4      4      6      3      6]\n [150000 190000 195000 140000 130000 155000 135000 200000 120000 225000]] \n\n"}]},{"metadata":{"trusted":true},"cell_type":"code","source":"h_new = h_all.T\nprint (h_new, '\\n')","execution_count":2,"outputs":[{"name":"stdout","output_type":"stream","text":"[[   100      4 150000]\n [   120      5 190000]\n [   120      5 195000]\n [   100      4 140000]\n [    85      3 130000]\n [    90      4 155000]\n [    90      4 135000]\n [   140      6 200000]\n [    70      3 120000]\n [   150      6 225000]] \n\n"}]},{"metadata":{"trusted":true},"cell_type":"code","source":"print (h_new.shape)","execution_count":3,"outputs":[{"name":"stdout","output_type":"stream","text":"(10, 3)\n"}]},{"metadata":{},"cell_type":"markdown","source":"That is a 2D Array which has 10 Rows in Axis 1 and 3 Colummns in Axis 0"},{"metadata":{"trusted":true},"cell_type":"code","source":"def matrix(row,col):\n    #row = int(input('Enter row number:'))\n    #col = int(input('Enter column number:'))\n    list_all = []\n    for i in range(1,row+1):\n\n        if i%2 == 0:\n            even_row = []\n            for ii in range(1,col+1):\n                if ii % 2 != 0:\n                    even_row.append(1.)\n                else:\n                    even_row.append(0.)\n            list_all.append(even_row)\n\n        else:\n            odd_row = []\n            for iii in range(1,col+1):\n                odd_row.append(1.)\n            list_all.append(odd_row)\n    ary_all = np.array(list_all)\n    ary_new = ary_all.reshape(row,col)\n    print('Shape (',row,'x',col,')')\n    print(ary_new)\n\nmatrix(6,5)\n","execution_count":4,"outputs":[{"name":"stdout","output_type":"stream","text":"Shape ( 6 x 5 )\n[[1. 1. 1. 1. 1.]\n [1. 0. 1. 0. 1.]\n [1. 1. 1. 1. 1.]\n [1. 0. 1. 0. 1.]\n [1. 1. 1. 1. 1.]\n [1. 0. 1. 0. 1.]]\n"}]},{"metadata":{"trusted":true},"cell_type":"code","source":"","execution_count":null,"outputs":[]}],"metadata":{"kernelspec":{"name":"python3","display_name":"Python 3","language":"python"},"language_info":{"name":"python","version":"3.6.11","mimetype":"text/x-python","codemirror_mode":{"name":"ipython","version":3},"pygments_lexer":"ipython3","nbconvert_exporter":"python","file_extension":".py"}},"nbformat":4,"nbformat_minor":4}